Celda 0
0	1	10	11	

Celda 1
0	1	2	10	11	12	

Celda 2
1	2	3	11	12	13	

Celda 3
2	3	4	12	13	14	

Celda 4
3	4	5	13	14	15	

Celda 5
4	5	6	14	15	16	

Celda 6
5	6	7	15	16	17	

Celda 7
6	7	8	16	17	18	

Celda 8
7	8	9	17	18	19	

Celda 9
8	9	18	19	

Celda 10
0	1	10	11	20	21	

Celda 11
0	1	2	10	11	12	20	21	22	

Celda 12
1	2	3	11	12	13	21	22	23	

Celda 13
2	3	4	12	13	14	22	23	24	

Celda 14
3	4	5	13	14	15	23	24	25	

Celda 15
4	5	6	14	15	16	24	25	26	

Celda 16
5	6	7	15	16	17	25	26	27	

Celda 17
6	7	8	16	17	18	26	27	28	

Celda 18
7	8	9	17	18	19	27	28	29	

Celda 19
8	9	18	19	28	29	

Celda 20
10	11	20	21	30	31	

Celda 21
10	11	12	20	21	22	30	31	32	

Celda 22
11	12	13	21	22	23	31	32	33	

Celda 23
12	13	14	22	23	24	32	33	34	

Celda 24
13	14	15	23	24	25	33	34	35	

Celda 25
14	15	16	24	25	26	34	35	36	

Celda 26
15	16	17	25	26	27	35	36	37	

Celda 27
16	17	18	26	27	28	36	37	38	

Celda 28
17	18	19	27	28	29	37	38	39	

Celda 29
18	19	28	29	38	39	

Celda 30
20	21	30	31	40	41	

Celda 31
20	21	22	30	31	32	40	41	42	

Celda 32
21	22	23	31	32	33	41	42	43	

Celda 33
22	23	24	32	33	34	42	43	44	

Celda 34
23	24	25	33	34	35	43	44	45	

Celda 35
24	25	26	34	35	36	44	45	46	

Celda 36
25	26	27	35	36	37	45	46	47	

Celda 37
26	27	28	36	37	38	46	47	48	

Celda 38
27	28	29	37	38	39	47	48	49	

Celda 39
28	29	38	39	48	49	

Celda 40
30	31	40	41	50	51	

Celda 41
30	31	32	40	41	42	50	51	52	

Celda 42
31	32	33	41	42	43	51	52	53	

Celda 43
32	33	34	42	43	44	52	53	54	

Celda 44
33	34	35	43	44	45	53	54	55	

Celda 45
34	35	36	44	45	46	54	55	56	

Celda 46
35	36	37	45	46	47	55	56	57	

Celda 47
36	37	38	46	47	48	56	57	58	

Celda 48
37	38	39	47	48	49	57	58	59	

Celda 49
38	39	48	49	58	59	

Celda 50
40	41	50	51	60	61	

Celda 51
40	41	42	50	51	52	60	61	62	

Celda 52
41	42	43	51	52	53	61	62	63	

Celda 53
42	43	44	52	53	54	62	63	64	

Celda 54
43	44	45	53	54	55	63	64	65	

Celda 55
44	45	46	54	55	56	64	65	66	

Celda 56
45	46	47	55	56	57	65	66	67	

Celda 57
46	47	48	56	57	58	66	67	68	

Celda 58
47	48	49	57	58	59	67	68	69	

Celda 59
48	49	58	59	68	69	

Celda 60
50	51	60	61	70	71	

Celda 61
50	51	52	60	61	62	70	71	72	

Celda 62
51	52	53	61	62	63	71	72	73	

Celda 63
52	53	54	62	63	64	72	73	74	

Celda 64
53	54	55	63	64	65	73	74	75	

Celda 65
54	55	56	64	65	66	74	75	76	

Celda 66
55	56	57	65	66	67	75	76	77	

Celda 67
56	57	58	66	67	68	76	77	78	

Celda 68
57	58	59	67	68	69	77	78	79	

Celda 69
58	59	68	69	78	79	

Celda 70
60	61	70	71	80	81	

Celda 71
60	61	62	70	71	72	80	81	82	

Celda 72
61	62	63	71	72	73	81	82	83	

Celda 73
62	63	64	72	73	74	82	83	84	

Celda 74
63	64	65	73	74	75	83	84	85	

Celda 75
64	65	66	74	75	76	84	85	86	

Celda 76
65	66	67	75	76	77	85	86	87	

Celda 77
66	67	68	76	77	78	86	87	88	

Celda 78
67	68	69	77	78	79	87	88	89	

Celda 79
68	69	78	79	88	89	

Celda 80
70	71	80	81	90	91	

Celda 81
70	71	72	80	81	82	90	91	92	

Celda 82
71	72	73	81	82	83	91	92	93	

Celda 83
72	73	74	82	83	84	92	93	94	

Celda 84
73	74	75	83	84	85	93	94	95	

Celda 85
74	75	76	84	85	86	94	95	96	

Celda 86
75	76	77	85	86	87	95	96	97	

Celda 87
76	77	78	86	87	88	96	97	98	

Celda 88
77	78	79	87	88	89	97	98	99	

Celda 89
78	79	88	89	98	99	

Celda 90
80	81	90	91	

Celda 91
80	81	82	90	91	92	

Celda 92
81	82	83	91	92	93	

Celda 93
82	83	84	92	93	94	

Celda 94
83	84	85	93	94	95	

Celda 95
84	85	86	94	95	96	

Celda 96
85	86	87	95	96	97	

Celda 97
86	87	88	96	97	98	

Celda 98
87	88	89	97	98	99	

Celda 99
88	89	98	99	

