Celda 0
28	197	208	242	285	385	428	524	676	698	724	732	792	860	917	921	933	

Celda 1
76	81	587	621	635	648	655	687	868	982	

Celda 2
10	78	392	553	711	731	850	891	

Celda 3
194	313	412	664	

Celda 4
190	340	386	526	529	594	642	702	844	

Celda 5
71	311	343	380	419	700	797	853	936	

Celda 6
109	239	423	575	761	867	887	

Celda 7
97	281	400	425	694	945	

Celda 8
375	509	558	696	739	787	846	877	956	

Celda 9
24	70	86	314	358	394	486	534	551	662	743	930	950	

Celda 10
170	238	489	627	679	772	781	819	955	968	

Celda 11
13	60	332	354	446	569	617	646	730	749	811	836	939	957	

Celda 12
57	72	153	161	320	327	328	330	453	457	527	543	666	719	885	899	900	911	

Celda 13
88	135	163	245	467	512	665	741	838	872	915	

Celda 14
12	142	275	279	297	317	390	424	584	791	893	942	996	

Celda 15
200	249	651	888	902	

Celda 16
9	26	145	157	171	218	219	240	413	449	559	779	895	914	975	

Celda 17
67	68	69	447	555	831	

Celda 18
11	52	103	414	491	518	519	563	806	815	827	833	904	923	984	

Celda 19
59	405	539	560	716	

Celda 20
465	583	637	793	809	810	976	979	

Celda 21
188	355	485	503	564	620	645	866	951	958	

Celda 22
65	287	379	402	479	597	851	869	997	

Celda 23
22	182	223	506	570	585	794	854	

Celda 24
192	221	280	294	592	640	770	821	856	992	

Celda 25
4	32	112	368	455	480	562	590	744	954	

Celda 26
110	228	265	306	344	365	374	505	578	623	859	

Celda 27
19	38	215	373	387	650	753	757	

Celda 28
43	133	207	487	783	820	840	922	977	

Celda 29
30	150	255	338	492	710	766	768	991	

Celda 30
173	347	437	508	556	636	966	

Celda 31
126	139	308	450	481	515	

Celda 32
108	172	217	243	420	474	775	

Celda 33
226	384	473	520	581	629	763	

Celda 34
222	301	336	422	686	701	740	919	964	

Celda 35
6	90	118	293	431	499	599	641	661	669	673	697	718	799	905	918	926	

Celda 36
44	168	195	377	408	572	626	774	802	

Celda 37
3	33	146	227	236	252	681	

Celda 38
48	116	203	212	213	470	

Celda 39
94	164	342	417	536	552	568	644	660	839	849	875	

Celda 40
29	117	186	389	938	

Celda 41
162	177	204	266	421	483	496	516	832	861	889	

Celda 42
50	56	156	210	323	337	359	371	452	736	751	829	903	

Celda 43
121	167	304	369	468	535	725	733	745	758	898	928	934	949	

Celda 44
409	478	530	598	709	855	

Celda 45
114	152	257	521	708	925	

Celda 46
5	124	269	333	500	695	870	971	

Celda 47
61	198	318	396	692	890	896	920	

Celda 48
21	41	79	155	290	494	513	565	789	818	912	987	

Celda 49
18	36	47	174	284	788	800	814	852	953	981	

Celda 50
25	35	77	132	225	272	276	353	356	366	475	502	542	607	609	614	647	801	825	970	980	

Celda 51
87	224	271	339	360	429	663	748	842	892	952	998	

Celda 52
66	175	179	312	415	511	532	589	619	682	

Celda 53
202	573	604	690	754	

Celda 54
58	91	180	235	283	361	433	507	566	653	693	765	906	

Celda 55
136	201	302	363	443	715	722	729	909	

Celda 56
34	270	442	458	463	493	548	574	714	734	999	

Celda 57
20	80	93	398	616	633	790	873	901	

Celda 58
15	95	233	282	378	382	577	782	886	

Celda 59
111	229	256	703	723	755	913	935	

Celda 60
92	123	134	214	232	335	444	785	959	

Celda 61
40	303	329	411	469	471	582	659	805	941	978	994	

Celda 62
16	54	105	106	131	137	169	544	596	680	683	767	807	897	

Celda 63
39	63	231	247	345	410	498	735	804	

Celda 64
53	102	120	159	199	278	504	550	638	668	721	786	823	

Celda 65
17	205	206	286	309	310	416	847	858	

Celda 66
125	127	234	349	370	460	488	576	813	962	

Celda 67
8	75	176	263	315	432	514	605	689	706	727	747	985	

Celda 68
46	216	230	244	246	531	557	561	643	837	857	883	946	

Celda 69
49	74	260	288	305	319	454	517	602	822	863	881	908	967	

Celda 70
397	406	462	545	677	684	737	771	795	

Celda 71
113	122	158	418	580	586	612	784	990	

Celda 72
129	138	351	364	404	613	675	798	988	

Celda 73
55	64	107	128	372	436	546	603	656	705	738	947	

Celda 74
289	482	501	579	593	672	712	965	

Celda 75
149	241	273	445	588	610	639	671	685	746	764	929	940	974	

Celda 76
96	144	183	393	426	441	528	622	756	759	780	880	910	924	

Celda 77
1	73	187	220	264	298	464	625	699	750	871	879	882	944	

Celda 78
267	348	628	657	720	845	927	

Celda 79
254	300	326	399	439	456	522	618	649	932	

Celda 80
85	104	193	403	674	

Celda 81
83	185	196	248	307	352	395	451	466	484	497	630	907	973	

Celda 82
119	148	211	459	547	554	704	

Celda 83
0	27	42	141	181	277	321	438	631	654	658	670	

Celda 84
154	615	652	

Celda 85
253	259	262	274	388	434	600	606	961	

Celda 86
178	237	250	268	325	346	376	381	477	533	762	773	830	972	

Celda 87
160	189	292	322	341	448	472	495	777	876	878	948	960	

Celda 88
99	166	440	461	525	591	713	808	828	884	993	

Celda 89
23	98	296	316	357	362	510	541	567	667	824	864	931	

Celda 90
84	140	331	391	523	540	707	862	

Celda 91
2	209	251	324	334	401	430	537	634	717	812	841	986	

Celda 92
14	82	299	435	678	752	760	778	834	835	937	983	995	

Celda 93
184	261	350	367	608	776	817	

Celda 94
115	295	476	611	688	728	843	963	969	

Celda 95
45	691	726	943	989	

Celda 96
130	165	549	571	601	826	

Celda 97
37	100	191	258	383	490	624	742	816	848	916	

Celda 98
31	89	151	407	427	538	595	769	803	865	874	894	

Celda 99
7	51	62	101	143	147	291	632	796	

